2799
9976
2593
2513
3998
2934
2590
1622
7158
3022
4901
9824
4860
8443
4660
8618
3282
5824
7325
8506
9088
3739
1916
5141
9126
5684
2599
2498
5342
7366
8755
1684
8427
6258
8933
6000
7609
7921
9638
7729
2491
6167
3709
1905
2789
6278
3376
2871
4415
4809
7007
4865
4430
3603
7736
9851
8000
9203
4020
2952
4711
3121
3098
7167
7201
3387
8880
1374
8998
7652
1047
1214
5685
2235
5667
2141
2419
6266
1418
8070
4384
8572
1352
7332
1350
6821
8236
4321
7996
2841
9265
1945
7735
8433
6596
6596
5791
7783
5461
7918
4032
1637
8149
2914
4275
7511
3353
2244
2331
7904
7973
8323
8755
5533
1381
1626
8635
1754
8300
6288
6554
2725
9367
4351
5371
8371
2126
6499
6075
6713
8048
6270
4687
7556
4995
4444
5805
8489
1106
2078
8529
4719
2895
7294
1980
4969
1875
8291
4448
7112
1337
1864
7740
3453
3685
4365
6453
5305
4261
9641
6692
1370
5735
9766
6135
7077
7000
5085
5429
2748
4130
8192
3871
8860
5409
1759
4675
6201
7376
7935
2286
7069
1672
7408
8184
4362
4107
3898
1827
6944
9281
9305
8124
9859
6703
2534
3281
3587
6514
6903