27711404
27343003
27707782
27390776
27572076
27828682
27403444
27894329
27545628
27554784
27032364
27193512
27545054
27997859
27714274
27791784
27548331
27164030
27744462
27615797
27398379
27263826
27049167
27503544
27522601
27817666
27367692
27138240
27955539
27920471
27720199
27840804
27503116
27307766
27526669
27290379
27207039
27380326
27473035
27090599
27848944
27682588
27312450
27631265
27518881
27415395
27783664
27995393
27947994
27424196
27388959
27749265
27814476
27884635
27346808
27348688
27200231
27904205
27353780
27595255
27646090
27585125
27247000
27178210
27901199
27063536
27627434
27204333
27072273
27796229
27591482
27468926
27887407
27983159
27553082
27483015
27341363
27670489
27793414
27606869
27697271
27001437
27574462
27837459
27871948
27633303
27026535
27189286
27493336
27693487
27381796
27737171
27795418
27541377
27706716
27294184
27145812
27057319
27604539
27015703
27455983
27026061
27146972
27390128
27618180
27308162
27488702
27543111
27147660
27529070
27073112
27200511
27348498
27675761
27879868
27750879
27195975
27467066
27586063
27158109
27118749
27204328
27436467
27660741
27728990
27668537
27554152
27496666
27481566
27825450
27419459
27424912
27556804
27055513
27573298
27376354
27193971
27560428
27287377
27182112
27153623
27109720
27437298
27490435
27984327
27277730
27778418
27823680
27015853
27254047
27269040
27787148
27773747
27215092
27336640
27206385
27582428
27723550
27642842
27744440
27591942
27108240
27286867
27813135
27235486
27464913
27648296
27847514
27685678
27125482
27286609
27687509
27468823
27680332
27605802
27397366
27625333
27488443
27593830
27325501
27801318
27102653
27647589
27133648
27246929
27112728
27323266
27207858
27300441
27642826
27008308
27445377
27818536
27139576
27435410
27518779
27612803
27425130
27817452
27609422
27017411
27348882
27965174
27936876
27108324
27267027
27344664
27823520
27927691
27494638
27810270
27630405
27775063
27149899
27035561
27171600
27257999
27009387
27338560
27991664
27790540
27965044
27510736
27275664
27951206
27071756
27951482
27085949
27285887
27511040
27770958
27195176
27406982
27822369
27848009
27657691
27921139
27187047
27298804
27584005
27833840
27392800
27281451
27978691
27653038
27457903
27425053
27719222
27376109
27198440
27973815
27551803
27472575
27139911
27340405
27562084
27966841
27589678
27787002
27772727
27429462
27836245
27277939
27471662
27536243
27439785
27847195
27345215
27378840
27915463
27888961
27137597
27027096
27758134
27024425
27145615
27549019
27909434
27145344
27684949
27394149
27537778
27727550
27840343
27286331
27124632
27520120
27927030
27874525
27762458
27929906
27943576
27555551
27164903
27564117
27046883
27319463
27617931
27899772
27488211
27738868
27044153
27825704
27139503
27648780
27123924
27389433
27230459
27512153
27368838
27312085
27800017
27446797
27031412
27695504
27626677
27147896
27887016
27571294
27869445
27298158
27306851
27234170
27216409
27484087
27273728
27994009
27388697
27423738
27094799
27566949
27441454
27659585
27198720
27143782
27314359
27018435
27135157
27133839
27126712
27688038
27693197
27894434
27086419
27051695
27254310
27003615
27006018
27051437
27175651
27904311
27101660
27596849
27217094
27604811
27646533
27798701
27440672
27303610
27163767
27555651
27778731
27310427
27168687
27369886
27345000
27935512
27779074
27066796
27617731
27243587
27818509
27313577
27353185
27633698
27316067
27825264
27761167
27846089
27284349
27775305
27233539
27876854
27508177
27165617
27613815
27553536
27699195
27662200
27858765
27865604
27240305
27063609
27475000
27032813
27662486
27036586
27639392
27300775
27439629
27219923
27489743
27251558
27525198
27928470
27674612
27915730
27655200
27711559
27683081
27913936
27469319
27924223
27368319
27786170
27157432
27833099
27926352
27070469
27392871
27847766
27504694
27332556
27364407
27636308
27458568
27806914
27916364
27012168
27145289
27197547
27100117
27278862
27567164
27833643
27508507
27279686
27091215
27702354
27640114
27989780
27086026
27991321
27745656
27357361
27321802
27695421
27870977
27973247
27544274
27541207
27910977
27519425
27723794
27721096
27313385
27950482
27604048
27146594
27854975
27345276
27741829
27407361
27184332
27189044
27930971
27581589
27750659
27466151
27292956
27035193
27682416
27056082
27159613
27186114
27520096
27933819
27420604
27904188
27475212
27129043
27769539
27404488
27898582
27324259
27116549
27093676
27398932
27772243
27926915
27440042
27921100
27855886
27261445
27288031
27703388
27027916
27235402
27996263
27232386